-1 -1 -1 -1 -1 -1 -1 -1 -1 -1 -1 -1 -1 -1 -1 -1 -1 -1 -1 -1 -1 -1 -1 -1 -1 -1
-1 -1 33 -1 -1 -1 -1 -1 -1 -1 -1 -1 -1 -1 -1 -1 -1 -1 -1 -1 -1 -1 -1 33 -1 -1
-1 -1 33 -1 -1 -1 -1 33 33 33 33 33 33 33 33 33 33 33 33 -1 -1 -1 -1 33 -1 -1
-1 -1 33 -1 -1 -1 -1 33 -1 -1 -1 -1 -1 -1 -1 -1 -1 -1 33 -1 -1 -1 -1 33 -1 -1
-1 -1 33 33 33 33 33 44 -1 -1 -1 -1 -1 -1 -1 -1 -1 -1 44 33 33 33 33 33 -1 -1
-1 -1 -1 33 -1 -1 -1 33 33 33 33 33 33 33 33 33 33 33 33 -1 -1 -1 33 -1 -1 -1
-1 -1 -1 33 -1 -1 -1 33 -1 33 -1 -1 -1 -1 -1 -1 33 -1 33 -1 -1 -1 33 -1 -1 -1
-1 -1 33 33 -1 -1 -1 33 -1 33 -1 -1 -1 -1 -1 -1 33 -1 33 -1 -1 -1 33 33 33 -3
-1 -1 -1 33 -1 -1 -1 33 -1 33 -1 -1 -1 -1 -1 -1 33 -1 33 -1 -1 -1 33 -1 -1 -1
-1 -1 -1 33 -1 -1 -1 33 33 33 33 33 33 33 33 33 33 33 33 -1 -1 -1 33 -1 -1 -1
-1 -1 33 33 33 33 33 33 -1 -1 -1 -1 -1 -1 -1 -1 -1 -1 33 33 33 33 33 33 -1 -1
-1 -1 33 -1 -1 -1 -1 33 33 33 33 33 33 33 33 33 33 33 33 -1 -1 -1 -1 33 -1 -1
-1 -1 33 -1 -1 -1 -1 33 -1 -1 -1 -1 -1 -1 -1 -1 -1 -1 33 -1 -1 -1 -1 33 -1 -1
-1 -1 33 -1 -1 -1 -1 33 -1 -1 -1 -1 -1 -1 -1 -1 -1 -1 33 -1 -1 -1 -1 33 -1 -1
-1 -1 44 33 33 33 33 33 33 33 33 33 33 33 33 33 33 33 33 33 33 33 33 44 -1 -1
-1 -1 -1 -1 -1 -1 -1 -1 -1 -1 -1 -1 -1 -1 -1 -1 -1 -1 -1 -1 -1 -1 -1 -1 -1 -1